117014
338840
280454
187573
419120
330400
307114
266160
397772
177978
137838
103699
348795
576445
486962
410066
536926
45070
123269
478311
48282
367710
177163
479149
437664
411295
174389
73508
206747
377952
188875
243750
145211
96625
59912
543480
217297
351793
11358
147970
28184
501381
540868
541017
308107
507969
258344
223682
210915
118614
180739
422586
35008
17591
25595
419050
292187
457276
492583
308759
433723
98950
163962
88168
485224
355297
84155
28842
223139
508328
267314
357415
422725
9514
172369
346853
473733
400168
249176
18564
63077
140204
465323
324969
549284
2278
461371
82718
300408
482810
103413
517061
447615
83427
417818
491215
58296
482242
348571
569332
280988
382083
473206
192745
193474
7727
234020
366000
498263
214199
568790
169233
186941
296033
86250
347515
580235
524718
70761
167564
314627
139831
380609
76776
447182
210702
139614
33441
251395
384389
291251
330699
191616
341196
555456
382312
214821
164543
172264
360143
430149
222346
41077
53496
293339
288014
310511
178651
230877
245729
495055
285628
552573
16605
196773
568143
194347
40111
57593
561407
491211
333532
497709
277436
525899
334790
80481
234572
157231
205512
296906
6664
549937
208621
441861
5312
57744
236292
402396
253121
75552
297604
578780
199865
463242
368049
361030
127240
453621
564936
394412
455772
299443
472131
337527
39958
511145
550007
19134
381194
84341
431859
499200
345751
252443
318204
202143
275448
84902
167270
408190
455948
137798
560934
478433
121154
560660
40228
216772
431378
189684
179505
314645
21534
431085
106411
498079
525990
168106
567488
236087
226498
563575
248925
196442
119555
76742
457575
95951
51644
415889
361384
531696
245496
356783
320696
158607
18157
428754
572749
322785
191226
399500
80614
514131
454404
121644
11300
538214
222309
341113
432494
10526
85826
574549
1639
132288
234642
270659
60873
97270
48917
184227
433637
127055
565571
293383
17137
206606
27374
50040
557832
488505
236141
287136
214888
294410
79305
573949
288223
202774
11401
436660
285292
535706
452471
568179
461255
390366
473910
207378
177567
417738
117197
408239
416105
301457
70985
290115
461884
81715
389698
551438
150148
142053
71223
107527
309311
444659
276336
479939
548926
484849
465878
516607
373569
332594
315037
525915
580778
102706
20090
286632
292805
143286
301042
426451
288712
425839
556883
230315
314450
550812
147568
241717
393680
235152
391375
447728
160337
179599
426469
490400
315810
455585
377213
480929
96539
573762
101822
451101
137579
486172
364448
371703
1397
580887
320641
465422
326533
414421
179421
292188
4219
335089
300467
204060
315310
66995
428248
247160
22479
570263
349438
526021
397522
176280
329175
60858
68025
468461
183127
227250
475510
416267
548939
357930
197806
160480
250630
259652
222917
1599
455090
91402
496793
121365
246971
181766
526778
328673
1098
548836
22236
14547
82031
317040
119027
227918
115924
215291
85154
226613
159399
171384
506463
140507
357241
92761
576625
50648
89095
385302
456953
413541
251365
400080
122937
163103
71759
274759
441488
238502
62030
558424
26576
9171
412621
163350
500226
406420
342510
189182
525015
64827
80434
121222
162703
219135
51680
350518
541918
401301
459600
535138
527427
48747
385115
358466
122360
214958
306160
96670
184241
395164
30534
157588
414609
46372
155194
362853
575664
189027
32877
438126
135171
320594
413277
388702
563163
483093
338064
171016
200961
285526
400748
382316
219762
416619
126064
530653
270505
49985
379561
474984
262514
292238
24107
90311
33721
65182
174605
530592
278966
174009
20711
321776
211034
159969
306511
459032
94010
8771
303026
554003
519320
198198
403109
431383
439139
15851
579060
298065
397759
217323
270373
234655
335744
506127
337384
420396
173830
552188
547267
133449
196565
362395
221560
171737
147371
333976
7123
532877
437609
500657
549063
147958
359147
124796
530256
395040
124569
226377
335644
167843
33883
3735
357787
221513
297615
266120
32071
299273
530543
378116
421400
286430
337517
65901
539617
357413
283213
41105
317639
363640
42089
40317
512387
365711
412567
77577
235340
447237
281072
190689
487679
187765
225511
40100
400655
177845
311436
516782
332316
542982
254948
545696
153716
418034
320396
15986
17585
55690
74651
259854
452917
455665
134926
364280
322934
571427
44672
41212
437831
177407
406982
526203
71815
472367
480747
175273
413839
551823
580507
124903
103642
462379
450724
540471
512531
434510
408535
125193
2470
547421
282027
134362
263876
357203
322509
98260
351033
517468
254797
324915
559453
43829
195418
366598
37012
434338
572751
98038
249953
420081
14175
512696
65375
453567
314259
62459
119799
422274
178283
109503
414923
346934
385280
458103
348991
130992
335063
240418
139739
267774
284831
323666
44167
216649
284421
580381
266847
246231
288659
53359
495810
444913
384323
102910
371166
22870
579902
387210
343616
73707
281800
135094
169204
108859
448280
577073
463684
173245
513681
324231
310889
378673
216761
291921
135499
478306
40470
154362
229127
389589
459923
265256
322220
381758
492020
318184
251113
440675
380706
503392
37751
17365
289213
418219
377174
241762
390594
544402
50691
336607
142859
154755
540614
75234
290498
251375
244762
356623
275015
323360
165248
274466
102240
27394
462046
167347
342397
11316
335735
70333
408103
190000
389228
276017
229618
185514
356827
283277
458325
14801
459078
34267
435454
490936
168508
332990
424837
535483
331858
199919
52650
215618
7511
6041
354668
580983
81691
380715
432898
50695
41568
382174
51157
76405
542321
99941
382032
484060
240952
339678
94700
486482
506927
254242
45524
546295
534417
337126
289883
475493
9941
153279
10012
339547
204650
102420
359360
101100
307835
158915
393384
170786
347535
84498
287636
401846
579000
318777
243896
61196
403135
496897
350939
229391
66662
313923
278555
299207
322518
104406
467432
451980
372305
454776
319275
325132
579191
506544
186697
35093
561177
388928
55107
511625
13774
294663
498931
106210
62923
94718
404059
291009
39322
429207
424110
129440
296782
475580
575615
369140
512985
441586
394480
213436
160691
469030
87588
348945
307567
563653
176278
432169
556145
199794
226812
12509
96006
25024
555606
174356
280484
465395
1369
281040
324688
112751
21036
32549
225608
121526
364522
86981
202070
284297
423001
338678
541879
431364
358361
340545
243370
49384
510857
412296
176563
21889
533227
16255
14269
67975
481413
322
525762
535896
86755
225808
44580
74714
426836
224869
499307
297669
274934
373415
90145
452700
360898
511802
463836
505128
465524
386341
507157
424849
159069
510571
548184
544857
50412
16670
92914
471375
41606
110094
194748
437911
191648
534673
5105
291209
6287
120416
334283
215511
395283
525944
400853
85423
219260
286422
476447
10388
47619
334708
332844
26176
250777
41658
65179
561849
131581
340946
406766
450647
559948
108274
429643
399781
341145
166592
346577
143992
547594
320131
341110
269853
493862
531423
1381
295423
388215
104588
133839
133327
455210
534122
13802
179039
334751
270759
125351
577464
432668
350360
365095
555778
194527
558863
458596
18457
569
34438
330768
255362
375504
430359
173096
375296
158391
241076
112793
560054
415334
456895
281678
346175
191417
134302
118564
4173
84193
443343
399937
320111
123177
486774
361850
107035
73941
239478
431256
23687
126319
169648
206221
133004
390120
95417
204888
16344
458957
268435
419872
65189
125091
479946
517906
460514
236075
338501
218017
553600
391538
346936
451345
557496
361291
580933
303744
394468
422211
517160
361860
128675
481895
116827
339798
124834
563927
316995
556060
206627
97095
75783
107019
251660
382193
141283
189839
278100
390494
429065
437701
480601
17432
360480
491732
219486
435010
559136
303585
362499
407909
535135
54976
392990
159808
546342
371143
524338
149320
321030
564226
525039
143119
442430
407253
464603
340658
248701
464105
513524
234745
13195
418816
404373
413289
479880
280215
529954
121599
390298
544060
467246
69194
310735
350553
316044
280908
161673
43625
372199
348636
372464
412062
18783
168943
42079
19737
354656
15011
251750
335590
426850
377422
290700
417849
308338
439443
205157
567384
409198
381492
515219
218041
185945
231079
113893
578836
363576
543193
160190
59623
385504
492968
431494
314852
502107
577891
295114
152915
380100
15733
397205
330241
381457
494966
528621
464605
274916
464752
453082
561399
535464
133490
131465
279646
266298
576653
52614
347507
285473
330248
284701
460916
199555
398746
34015
500898
284386
400401
370890
85383
45809
275034
66755
187829
463884
552880
495523
410052
111598
474206
510078
430259
365187
565460
263586
364484
409226
275215
402118
78466
88120
209915
263083
397999
566237
105996
693
306049
194067
140351
481168
91366
438237
828
174303
117496
186338
240275
356421
459255
159418
377914
445135
334782
402410
193429
398309
188002
363163
526968
46269
354268
440853
29931
222470
183971
277710
325475
377816
439325
421042
559037
190487
363504
116023
404917
396321
343211
178839
74838
549978
442593
28535
309526
327878
478338
142674
296735
5828
442630
576082
511076
288194
92221
13912
362090
512625
15409
418109
67241
263582
251882
453491
401808
552504
155373
52383
432268
427178
244931
298949
223534
414821
281500
440311
196785
293822
188518
273155
377543
177748
436302
519850
121242
575222
2001
480851
60448
357312
487659
162007
235479
405756
76034
580512
386250
235912
15546
181595
317018
507239
391046
148474
417298
445602
253072
367611
220457
132120
82738
261732
528091
589
84276
278771
109761
304473
26746
184858
414610
368521
512829
462613
203517
382855
515612
292727
291962
549830
559908
390269
309870
570756
177705
43968
450687
248203
532623
537280
537954
263163
455157
29080
137571
379143
264336
341041
70528
360735
110357
469828
136143
423355
166504
364433
547879
325374
493131
262414
45049
31093
105561
232886
576855
189005
371497
176765
18396
330436
100855
141920
304645
381789
230679
330734
431554
408111
393978
283107
246066
147444
417700
321258
109872
146123
517807
368602
343438
189701
407470
498280
544660
253838
11497
318892
83624
77660
283586
349817
64772
476188
109992
445187
534848
291476
366282
281008
394941
88507
478052
507370
150650
67854
431933
33759
117979
375184
494936
45086
556108
127073
441598
85795
126257
67715
437955
483489
432488
264179
10023
77308
400907
291915
227706
191456
460346
446108
420861
363433
117987
381403
155624
113698
230819
182625
70904
248935
479314
329107
210000
446359
319605
570628
569294
493926
406756
434410
501225
578332
460199
580813
229889
524638
203302
449369
294667
371829
83136
142350
473144
1308
6715
51314
264214
322089
89877
26552
581328
362545
65008
353051
469806
230851
502816
235358
285729
528710
227491
497322
11996
476827
44385
214213
16071
316189
21650
176000
175933
487876
33667
271870
77039
398569
461110
510061
117413
84460
575348
535777
382729
500612
246339
49662
345531
556624
489617
149375
118249
576063
30779
407644
427476
264511
62347
149470
417016
419391
152237
440310
152815
170640
360073
161121
167968
237996
105386
329026
295377
283524
288649
146861
248924
181371
71310
501263
391259
5644
321802
559234
541085
58647
348111
182373
315249
273001
525382
67269
449210
483899
463678
544595
363847
239757
565518
126613
179034
302685
158302
553876
342929
181658
188562
38411
9772
483723
334703
528243
318310
351367
174705
470207
125390
6053
172425
44612
454863
323288
484488
107094
48398
209957
579073
114880
287402
333629
28692
96530
437118
448220
49357
267753
65030
23671
126229
314709
139261
243324
559876
188375
300981
477940
28327
311522
122163
482157
471015
255239
280670
541541
517921
551804
416605
517084
313234
93472
393230
57796
142711
295957
173375
4574
334301
49348
28194
135258
82909
572505
99170
329394
44977
250506
63549
122182
61747
543831
340923
363826
307148
242677
138621
110509
125257
55868
241837
356427
223214
366599
17869
294541
107782
411341
411751
462324
381544
496253
202835
231103
130419
205650
161974
578986
304746
54277
546029
290378
22940
439268
369667
147872
230263
324692
375743
73172
189955
445621
327418
131661
29151
382770
289276
189129
149095
280420
141893
497199
484614
79975
96931
566234
244334
510791
279373
366153
428254
475466
384930
494856
277726
310156
147772
267311
283835
561809
112085
34097
82901
544518
548090
545108
446310
237496
42837
149810
131556
441032
17244
153864
147574
85114
306620
121716
114313
432239
207363
444269
55682
171585
138368
149356
193255
468162
207489
141678
29730
512455
441071
6920
228123
387605
226617
369961
564799
97094
138641
187447
205317
414385
209829
175189
3197
292211
69148
555271
558587
369952
92067
214127
449686
463778
504006
337843
8190
261888
295773
328427
434962
184315
69328
61410
281091
576654
323379
130406
141153
554381
83872
108987
507935
557396
434548
391394
177829
449114
3432
206717
162641
132515
212914
511204
422294
63563
378940
139198
471601
106615
525227
470254
545002
49478
537996
539079
367622
293912
65587
209602
534906
27364
211874
175737
228413
301885
462501
34412
114830
29466
417834
43555
139539
136042
45455
126200
145570
46563
435326
565165
448365
228098
368476
295316
334530
176826
554866
56293
315384
402662
315908
365614
408331
383046
493741
183872
3538
139982
384052
370523
332721
267556
476119
284098
550787
355511
102837
550842
169155
350180
53177
294329
322253
221272
526568
359099
138963
141146
388053
442808
340316
103366
18217
312802
177406
27920
432146
417870
317832
157370
562067
391662
566690
281772
154567
392022
381416
402405
553913
418091
351140
99707
108762
177889
440349
60415
25997
168453
516084
341922
576607
477861
68205
478525
475685
28854
441795
373318
387169
330934
81704
29626
573967
65220
144961
79459
149014
32579
201372
195673
299631
314379
222074
173754
480433
458069
336015
119308
340962
14151
493772
434657
71313
158044
565939
287117
373509
150981
186711
201862
246252
386474
19918
176873
483462
82957
362884
522958
27723
489461
109386
42967
148911
54849
60125
29432
487696
128245
274860
392781
107360
115898
434333
352211
374208
476925
200471
178751
376185
210299
263418
475084
272007
70733
121570
507211
83408
474237
163114
411979
470532
275393
135472
496256
193023
246608
552717
173998
499177
314554
346637
89770
498807
282680
32570
417556
69029
253819
111955
316825
426348
472659
328242
34222
566456
361964
333498
250258
242526
112830
1548
117508
23126
28658
406729
163085
209917
316795
135155
508192
265236
330824
451835
452676
578363
135984
279420
42820
215858
285799
14966
360716
275409
264572
333431
93075
493442
84397
317367
562590
159375
48034
480990
403716
82513
350452
246985
17096
70652
178577
347455
353754
302470
138742
570805
99242
329751
105053
180609
435402
26560
299802
46736
304924
436203
69169
423619
317756
304187
103747
500579
545288
28415
423562
55512
250292
442306
486084
143269
526955
573775
731
110547
148208
169086
485934
119911
5339
483378
354185
168340
177280
568148
295762
492758
384348
581881
365011
552302
304027
167017
73753
493779
14375
398448
150958
352850
357690
156636
440157
174402
354132
188935
361382
131339
364126
34020
162882
336427
126027
18194
532689
370165
318570
170982
157603
319342
409303
33645
80022
11754
451352
86086
15175
465986
164848
365493
289343
263377
490523
217393
785
211743
24242
555265
557118
180488
285115
348730
236865
326373
126755
136700
142774
298540
129056
399152
445567
170700
138861
230655
94614
355550
101752
39495
517161
46990
23982
426997
271490
200563
365434
69366
165518
110060
86763
378081
57461
196365
101602
308772
135966
209380
366005
448700
481573
91581
200058
87225
96825
443363
12096
436685
323695
396835
544384
13943
359830
463325
457029
51977
123208
344271
180494
119710
525106
242945
349243
316528
33820
557952
198277
22281
307136
478621
446815
8053
421773
262909
313720
94863
119166
30334
527022
576399
418844
501212
475055
548067
27482
75179
233365
528448
463426
531465
389180
503799
188154
135122
171622
479388
6998
469731
383330
253229
543084
327758
324882
486193
461644
59352
524777
268129
181026
175952
127267
375486
335859
235868
375947
573260
219935
382423
180042
297870
307825
106487
250127
428011
158747
83519
187362
347570
42385
544334
6028
35948
32413
359620
353372
351118
114943
36907
80441
148165
543692
97376
201076
352552
302227
277379
138747
460235
280779
438989
168557
335565
109232
438335
448176
391304
159100
484650
127994
385239
105640
320979
435303
30752
171443
577964
443033
208376
78288
52624
21504
91638
32339
403947
200812
472036
197886
207798
116803
129756
133688
69081
551921
331138
227073
274514
78429
555197
216386
466797
32918
130955
453389
20178
385126
154351
118921
581507
154210
345802
186794
205432
438698
459258
91154
149623
154008
343453
13267
571673
144379
356086
514619
131735
505058
280423
185830
148452
213457
379607
156069
565714
457217
88287
276693
290979
447009
415235
481325
131572
322405
255093
435187
11567
195567
390723
397893
164885
145794
305348
8188
175020
527353
371239
211722
32464
581513
17174
508502
501841
113233
483449
350299
485447
273067
243518
186196
110488
225529
58435
356562
371682
353589
199408
335839
108572
73434
477409
509098
49217
97006
356937
383826
290113
266409
222206
234554
325595
79407
298160
272153
71667
512983
242979
194336
80780
100686
544926
236093
435136
30719
15559
446497
166599
89293
400729
114140
368040
264758
468484
384834
38886
486079
334069
88433
482441
279530
418143
395576
356358
536831
489723
472630
179480
576158
290246
305393
398406
456662
254164
290412
491242
27395
425773
8872
221116
172246
113166
467745
546211
436838
22530
111536
561176
50462
130096
412365
568668
401028
138040
423834
377119
211520
242610
281929
409327
49862
153134
468284
146676
443497
147337
195463
233233
453483
132307
450599
242194
47548
405736
385108
433787
287572
485509
401446
235994
345100
84253
376434
273232
304332
551701
33900
185486
281505
216987
161124
432762
105853
350837
382307
423529
325593
448606
22304
342770
357429
351288
75595
560880
495687
269142
513852
50782
67428
250276
366811
118272
414522
150533
190992
280158
485137
349521
239537
496548
432421
558457
222097
557405
488510
447103
118534
540864
288576
420414
165852
282257
384325
134098
392363
118606
141711
507389
385644
525980
170852
311435
273732
571198
538175
274690
213742
114158
191873
428834
220215
37401
542938
244862
478550
312686
210424
413349
129247
128137
190014
195731
253915
352760
327174
375897
133927
45339
220382
193021
458876
277746
268274
302767
355542
546366
171351
375001
173229
213405
160694
83755
352041
398817
307341
135424
106748
555722
409058
16099
248355
201069
271344
90925
443057
543716
312175
107839
136365
223339
477328
279226
509161
527868
416202
312105
535179
7757
1700
355137
439179
165064
103128
410887
354839
145620
129852
440314
467875
36023
50168
546686
232311
557990
542231
38118
26152
450894
243171
380344
371129
187855
411705
214216
88455
445933
160341
189267
500789
532449
233900
511594
391219
502433
346898
405191
230289
244812
166674
355660
344579
490626
462964
280084
420552
210570
181996
6692
195850
82508
27478
330920
192607
459933
571970
58754
26031
233961
129758
120745
489501
574141
290941
303768
540479
150462
193634
499255
14307
207595
36827
284932
148502
450709
347438
539563
46306
186026
37830
117325
386684
109281
170147
477622
411480
19394
79957
212591
491140
134551
245075
326542
72708
69578
296848
50158
358828
40016
323963
562229
91697
48220
246456
497797
350668
71122
46512
212027
469961
233381
579952
288797
38589
264350
126628
297353
537124
528201
255479
268472
115616
32607
103166
486171
410494
347217
81714
340308
118181
190881
234949
275046
435009
15017
186427
349122
172176
325696
336426
241959
427035
488243
437494
155061
8803
281782
383452
485917
196430
90393
328284
128885
267015
132385
398287
366207
506377
465489
362369
481793
202431
88815
407381
404849
113989
379272
400062
275685
449622
452382
487999
531474
501835
69625
452221
295358
573065
79503
449914
40886
305175
187244
23392
549088
442136
250724
101979
281158
488634
462124
525567
300369
286490
143904
351809
282225
430036
106001
145679
431890
24591
433845
78604
100386
241073
165133
235110
435141
198486
419145
271881
420579
232417
300024
15062
179218
71006
433262
522464
121263
573968
67937
144178
185681
522163
55903
252121
59146
288174
379542
512116
340610
339757
460139
286792
126301
389684
407952
192233
150331
347509
87320
273094
179526
105582
327605
144618
498687
493482
451951
436967
265635
325723
5823
18171
210813
63890
386677
86530
382947
135996
576237
388847
432419
121788
542755
335027
116173
411620
65554
403789
13800
288694
79217
472329
105884
136663
540869
232227
144896
96304
318396
297919
270744
223569
69646
200221
560037
105518
531912
131084
157426
488219
376079
301581
163543
409178
44029
504123
362766
572544
299585
339986
498418
530619
562602
504353
473354
230503
159475
395080
64537
153570
78062
410283
382
409208
143306
60529
161414
513086
262705
54516
431062
401041
503283
401167
451099
371427
286124
206741
451155
539862
227550
265550
446232
94382
300966
530272
204049
434662
340602
149185
445048
399875
34487
80273
5559
104846
143107
281196
51938
91969
560718
235784
483751
214605
420649
21235
132710
376701
201417
495367
319073
93441
194456
386036
252596
130741
208057
141158
539493
356505
465692
419262
471222
462710
75607
34452
333820
546981
413625
405177
42756
300655
106799
234633
270534
304031
240449
570678
484575
57697
100306
269566
136350
413719
559411
128181
354741
571929
408120
139815
152269
131299
487941
285361
484485
454878
195677
267105
533377
300748
436662
46975
350840
290130
504021
184371
579260
366502
183672
499102
541077
204074
412184
78684
241889
114822
236385
214491
343524
240537
27157
350657
421452
535282
490847
85372
477162
165820
302467
538092
124325
10600
444086
319440
215278
544855
304459
479727
68176
158908
206107
459111
105885
332851
306531
26647
162046
160037
287303
415789
490878
84829
372193
23359
379955
89202
85876
482694
467752
103970
418473
482493
431991
152650
195064
211735
498525
262917
537313
32129
187792
135592
212330
571696
470781
105055
202853
306908
134285
255662
60403
451511
90956
55973
227359
266486
321325
356734
421309
141887
483066
4876
375659
527263
65736
64417
28103
112816
287882
223243
482563
206844
233218
165061
488689
363875
1732
108425
237558
308598
532209
214244
569972
338802
143811
296987
22675
174211
18704
273850
39866
73374
203236
566173
579735
557732
278977
380636
122672
554067
103935
328732
32700
441858
366665
33315
284893
280805
146568
369859
2575
364941
401094
411669
373964
54164
212438
23395
90804
476864
337647
187582
147192
139637
225307
7535
106202
165401
117584
106107
554301
534866
530896
29934
119494
517465
544884
271643
434976
47550
189248
109095
297877
323746
110460
573647
385178
465351
269263
428508
127189
63036
162475
562885
541174
410191
100647
211948
312252
304834
290804
367969
387270
208549
165203
339108
499784
415918
115796
252759
440004
471028
553896
395406
380330
334733
379784
150559
264948
410510
551676
58630
360571
53455
329592
59225
7503
225383
484599
154096
562960
238591
223451
48636
528108
175703
328628
65415
343227
240147
309940
417487
203124
552538
194700
60769
77864
54743
248823
225299
30195
113140
372043
426631
60810
76942
98882
462676
136819
59442
570760
465199
147459
323104
34356
548726
422850
299676
127669
562850
57508
205911
526856
413948
20410
193385
470911
46038
86140
376490
385107
214379
76079
403737
372511
31358
376407
423668
444719
99218
455414
73333
251211
159609
118867
195163
184585
538003
412399
238928
112478
142940
10244
292169
508343
508247
231932
68950
336209
239644
287406
265364
365735
239130
390315
575176
507390
335274
360846
223335
116712
529800
158841
556966
47639
40072
211327
581357
305423
60685
26292
274900
39447
490572
161781
204999
246863
193880
243914
69866
25506
347170
77310
449828
212843
570857
226455
416643
279444
176978
515751
71124
234903
377635
73997
384499
131804
455350
412687
378823
147134
135113
139139
441459
46320
73647
134606
397454
517522
62089
480344
286149
393226
255795
232910
450903
553364
46101
404322
11129
119765
300270
119157
354144
429158
514875
560626
294360
413217
330177
496399
37677
575631
558619
242620
130553
569264
481099
319907
358801
525714
224322
288042
86803
360500
550453
112896
289813
370380
278913
487521
355035
169599
415912
448803
494531
105974
493293
178971
39680
548964
108599
63745
75322
497821
404114
322990
7710
114843
120994
8846
334410
370273
246323
347728
301670
566083
361506
312504
263136
469634
57480
480160
575303
112708
529838
107001
56506
515785
141200
549527
77533
213455
6380
410535
163239
17206
130997
450524
302372
264771
343215
296432
274047
390447
289901
330348
150538
110618
184672
459210
157016
151084
216237
241340
194903
39988
246318
421908
244578
393905
480379
397352
289960
160126
283101
465820
442818
74411
240689
426318
323067
318245
174243
143101
32513
374181
392443
290416
402885
528471
475974
397373
356224
423445
160624
119743
208252
196566
496339
574343
404159
136653
341193
451732
145335
540183
302512
336688
44675
351004
197492
283659
218947
487458
566448
217131
506258
572089
229948
232762
40681
315448
98043
285505
351715
291873
201342
185838
390585
457257
146849
502936
151259
86912
47566
481585
167021
292519
54763
24296
486404
339336
434700
371848
121961
193373
176288
109738
562241
68628
388980
348522
470073
434208
175470
88817
302703
57550
243699
433454
506039
392445
220226
75375
409722
436273
4578
74081
193388
308506
120939
256040
577118
465321
361375
16210
224079
315964
358172
54427
167755
485561
322362
273606
25142
554488
252868
100277
565570
177367
301766
272718
39686
273602
397777
398609
72368
534210
13379
278853
366679
555781
318701
74860
22149
403975
29879
39082
224811
477587
329755
73159
110417
318284
79262
58666
363468
424871
226524
286813
248112
283642
325043
493544
492259
365687
461443
489372
105899
253166
250998
387299
56091
389715
91867
111118
398237
402172
452905
214453
75402
269827
341413
274376
116574
251663
49893
32627
228456
496090
282406
296255
473281
578627
268370
445309
302601
369529
95201
38017
272735
113041
51260
236397
63566
105168
83778
94619
556547
284509
193110
475191
528840
97596
427901
520832
53958
41962
291074
31217
157656
410680
225329
255158
250451
204162
310808
290147
133727
317153
196789
316801
70913
454282
197780
73783
466259
398260
83085
450478
169040
184030
71918
45110
62031
278395
252905
37038
398519
564496
472607
52281
198604
216051
212354
54214
547336
417413
234766
70159
416843
468966
430867
555577
469727
449071
2782
90237
70485
4834
32068
470819
491823
144727
438888
396853
180817
422603
194532
218980
407650
215176
308670
508977
315025
295646
241945
541486
517408
58836
288609
185598
286556
463576
254241
370406
210012
393984
343057
576630
85584
326113
449778
12704
166478
17095
143140
69654
493483
531459
440783
58242
543082
53095
42190
59034
185697
19322
161032
380329
105511
575027
439756
104596
437540
346392
227230
547730
264170
106143
411564
242472
456064
236432
49065
233672
264636
410272
477860
145834
133812
83540
484244
70854
420612
82945
2072
191093
402945
446783
482951
102300
325885
544351
4765
329254
351534
469570
207239
332960
306135
77591
136145
148517
364160
296700
298139
264279
183029
185141
330472
156480
224217
251569
495608
353889
289684
295103
316143
534702
330205
287187
453959
174504
443964
305760
175642
545154
341921
369038
535276
254212
463306
392358
61566
531937
309744
366712
240618
66347
52250
346352
570781
548802
157368
295265
460333
437440
26617
31121
464462
55514
392055
462129
82834
210816
390161
251937
22051
9946
25902
167390
137682
148642
10698
103722
361265
558577
155908
319095
328688
99099
458299
72888
320461
63677
510559
342293
307817
479054
319581
76547
174090
376549
164603
283750
205620
404766
31888
152079
545257
364659
284406
223192
44117
376907
123462
97479
313508
440352
152211
267684
141348
476826
118730
124387
180540
35206
150053
111644
238963
144610
250083
509526
560495
267329
49988
313803
449579
393513
84113
302660
129379
153074
403225
71597
477077
143630
283977
244157
425774
25234
302940
553221
212077
419265
432300
226346
426175
482735
206893
447130
290320
467594
20111
232338
447484
137300
198493
104563
158466
330091
279549
460997
348092
206912
169028
484158
497082
488395
543422
335695
457817
452781
399910
460459
374734
387301
468043
303627
331604
412285
143064
75494
1856
61982
226374
287920
162989
579127
270215
423858
521509
491118
420912
355620
503976
66072
478522
471483
313091
434128
263223
265303
423778
180462
477169
491323
68895
568417
68367
565115
11690
39398
570225
563437
407868
112066
90284
333756
19955
424435
170118
295524
198645
157696
427360
109141
222260
555932
80671
166560
26427
252894
177721
344921
556824
341272
460254
69052
552956
397163
189103
85092
493110
415885
500946
503332
397135
51504
224368
230432
283870
399284
200717
468792
20182
444183
264535
441172
118965
399956
490366
52161
250069
455937
329191
454158
487482
112950
423113
364796
199442
208311
530610
559380
517945
326598
400915
438531
322177
396821
512220
300383
387349
3920
406105
527691
308744
577076
445250
18519
505420
438769
415153
186624
468577
559303
467580
449603
539879
95916
127718
417416
170208
399294
268094
391642
217622
218842
552364
153572
333474
461175
417475
279806
440813
364090
350620
212733
431693
139380
372678
115275
137992
309137
492440
200284
501242
492881
366150
580986
444263
25855
486845
293057
6590
110170
109151
290946
6824
92881
453704
1108
349860
308433
238199
563912
384723
81379
197658
243341
537864
130564
136908
580825
420411
18728
397987
128706
299869
2758
529391
166093
329707
39643
250619
85974
534048
398858
352399
241001
517472
308777
110769
579891
109213
483705
144597
446801
72737
270789
444448
229553
330911
393664
533159
198972
145191
295716
296072
441286
82135
461835
307970
404201
249786
492251
548361
154685
453008
280923
24454
170666
151885
472396
395830
311413
449102
504153
444949
148206
379940
236461
337584
522054
357759
35343
527493
324036
426421
390689
250136
237241
32248
184919
535858
284379
145385
45516
452498
121358
63154
490851
441228
321907
263647
557107
474174
28335
179770
460240
462750
7278
111017
333754
248034
33958
28994
82715
196119
139309
74345
79151
467431
246016
330187
103267
140762
238687
46042
247906
468299
532481
42501
64472
509826
158440
417402
53490
418185
6873
289490
65831
6460
130971
336465
72910
274089
266311
190841
114661
380981
159044
390395
397513
317863
11701
17489
187585
87642
402916
154007
263073
159832
294459
153262
378652
253757
178184
166163
517636
525085
254011
233399
110780
500944
511325
561437
576754
376822
552826
484722
81322
122157
552365
280310
548878
355869
314996
64611
515424